ADJ_SOL01 -> solution with BC: [0.0,1.0]; J = -CL  
ADJ_SOL03 -> solution with BC: [-1.0, -0.0]; J = CD
ADJ_SOL04 -> Solution with BC: [ ]; J = CD/CL

Finite Difference : -CL/beta_i
fd = ([-0.13144596507117487,  -0.13144049689328133,-0.13142133204113804, -0.1314023025427092, -0.13138768434632345, -0.13137789568738115, -0.13137206566430665, -0.13136892753012633, -0.13136727395150294, -0.13136618863278962, -0.13136515002082605, -0.13136399015044142,-0.1313628193964369, -0.13136187795817136, -0.13136135770187202,  -0.13136154083666163, -0.13136252142175023, -0.1313639333878327, -0.13136581791491247, -0.1313665747711074,
-0.1313251131875929, -0.13132530677934243, -0.13132961301053342, -0.13133267190477554, -0.13133601782084586, -0.13133996905855333, -0.13134434732175732, -0.13134886622886952, -0.13135334579317356, -0.13135776040897643, -0.13136222610612688, -0.13136700121656528, -0.1313724027129784, -0.13137877509047755, -0.13138650213631226, -0.13139588932695623, -0.13140732515465886, -0.13142199456696485, -0.13144125040514898, -0.13146976870328622 ] .+ 0.13138352156761407)./δv


Finite Difference: CD/beta_i
([ 0.1216404544975305, 0.12164022538139854, 0.121639265678663, 0.12163864470430423, 0.12163829871723085, 0.12163808109652317, 0.12163789670091155, 0.12163769948157467, 0.12163746739003616, 0.1216371925430035, 0.12163687744654388, 0.12163653066004938, 0.12163616545553438, 0.12163579709642698, 0.12163544348892595, 0.12163511230041991, 0.1216348114898485, 0.1216345602199478, 0.12163435681023815, 0.12163427508648679, 0.12163706730354933, 0.12163706106603764, 0.12163663022813836, 0.1216362323852443, 0.12163596143757201, 0.12163582081275652, 0.12163578439796892, 0.12163582287820633, 0.12163591042708378, 0.12163602986232984, 0.12163617245015604, 0.12163633750628997, 0.12163652509682873, 0.12163673532585907, 0.12163697580637903, 0.12163722805357227, 0.12163748254041373, 0.12163779866991345, 0.12163817398616644, 0.12163895833965868] .- 0.12163386560377128) ./ δv



Finite Difference: CD/CL / beta_i
[-3.896721148367588,-3.5291669534820436,-2.25264602287667,-0.9595100854009608,0.0440866718320887,0.717311680109578,1.114155073258516,1.3203218679203044,1.419204737944657,1.474781200885289,1.524002457364837,1.5793592910728904,1.6340821990268317,1.6724016208735648,1.682155542144237,1.6440344828794196,1.552015085614089,1.433361779002995,1.2850461282964964,1.2254790181276398,-4.36136947774779,-4.347240615691916,-4.010729609174035,-3.764715367229332,-3.50813449661036,-3.2188062117211036,-2.9073206439289567,-2.5916419838467597,-2.282494270582358,-1.9803735485679486,-1.6764349549147628,-1.3524186273383698,-0.9859943105072766,-0.5529032019957469,-0.026700974373738973,0.6155084326020521,1.401766856430342,2.410931619386547,3.738288888660568,5.686037746875927]



